spawns: 
  default: 
    world: BetaworldModpack
    x: -52.446556226296266
    y: 64.0
    z: -0.015668558883864536
    yaw: -90.00757
    pitch: 1.049801
