spawns: 
  default: 
    world: BetaworldModpack
    x: 0.5005261547048576
    y: 64.0
    z: 0.07712513582188896
    yaw: -269.69974
    pitch: -7.800005
